CB	CorrectedReads	MappedReads	DeduplicatedReads	MappingRate	DedupRate	MeanByMax	NumGenesExpressed	NumGenesOverMean
AGACACTGTCGTATGT	532	491	246	0.9229323	0.50101835	0.1764706	41	13
ACCCTTGTCTAGTCAG	120	116	60	0.96666664	0.51724136	0.26666668	25	9
CAGCGTGGTTGGGATG	250	247	137	0.988	0.55465585	0.12232143	32	8
TGGTACATCTGCCCTA	58	56	30	0.9655172	0.53571427	0.5	15	5
CCCTCTCGTGCCTTCT	115	110	55	0.95652175	0.5	0.5	22	10
GTGAGCCTCTCCGAGG	211	201	95	0.9526066	0.47263682	0.12179487	30	6
AGGGTGAGTGATTGGG	78	78	37	1	0.47435898	0.37	10	4
TTCGATTTCTGAATCG	160	151	78	0.94375	0.51655626	0.24223602	23	7
CGTCCATAGCACTCTA	179	173	93	0.96648043	0.53757226	0.27272728	31	9
ACCCTTGTCCTACAAG	162	140	81	0.86419755	0.57857144	0.32142857	28	12
GTGAGCCAGTATAACG	46	46	24	1	0.5217391	0.44444445	18	5
ACTGTGACAGGGAATC	167	165	82	0.98802394	0.4969697	0.25625	32	11
TAACACGTCCAATCCC	61	61	28	1	0.45901638	0.3333333	12	3
TGCTCGTGTCACGCTG	77	72	42	0.9350649	0.5833333	0.30434784	23	6
GTGTGGCCACCGTGAC	161	144	76	0.89440995	0.5277778	0.4903226	31	14
AGTAACCTCATGCCCT	12	12	2	1	0.16666667	1	1	0
GTGGAGACAATTAGGA	113	112	57	0.99115044	0.5089286	0.38	25	9
GTGGAGAGTCGGTGTC	44	41	20	0.9318182	0.4878049	0.71428573	14	6
AATCACGAGAGAGCGA	45	42	23	0.93333334	0.54761904	0.52272725	11	2
TGCTCGTAGCGAATGC	191	188	95	0.9842932	0.5053192	0.21493213	26	9
GTGTGGCGTAGTGTGG	50	50	26	1	0.52	0.4642857	14	6
TCCAGAAGTCGTATGT	351	329	163	0.93732196	0.49544072	0.29107141	40	15
CAGCAGCGTACGGGAT	179	164	81	0.9162011	0.49390244	0.1534091	33	8
ACAGAAAGTTAGGAGC	97	93	42	0.9587629	0.4516129	0.3652174	23	10
TGTGATGAGTGTGTTC	41	40	20	0.9756098	0.5	0.31746033	9	2
AGTAACCCACTACCGG	90	90	46	1	0.51111114	0.18039216	17	4
TTTCGATAGATCACCT	246	245	128	0.99593496	0.52244896	0.29493088	31	11
GGTAATCAGGTACAGC	75	72	36	0.96	0.5	0.3272727	22	9
CAGGCCAGTTGGAGGT	67	64	38	0.95522386	0.59375	0.28148147	15	5
GTGAGCCGTAGGTTTC	43	37	16	0.8604651	0.43243244	0.44444445	12	3
TTGTTTGCATCCTTCG	13	13	4	1	0.30769232	1	4	0
ACGTCCTCACTTCAGA	200	192	103	0.96	0.5364583	0.28611112	36	15
AGTAACCCACCAGCGT	41	41	23	1	0.5609756	0.34848484	11	3
TTTGTTGCATCTCCCA	12	11	3	0.9166667	0.27272728	1	3	0
CGTCCATCAAACCATC	50	45	25	0.9	0.5555556	0.5208333	12	4
ATGAGTCAGTGGCCTC	42	39	21	0.9285714	0.53846157	0.4375	16	4
GAGTTGTGTTAAGCAA	143	141	77	0.986014	0.5460993	0.30078125	32	10
CCCTCTCAGTCCCAAT	12	12	5	1	0.41666666	0.625	4	1
TCGCTCATCTGCCCTA	216	212	116	0.9814815	0.5471698	0.26126125	37	13
TTTCGATAGGTTGCCC	24	19	10	0.7916667	0.5263158	1	10	0
AGGGTGACACTTCAGA	222	200	100	0.9009009	0.5	0.3333333	30	12
TAGGAGGCACACCGCA	158	147	75	0.93037975	0.5102041	0.3968254	21	10
TCGCTCATCCTACAAG	16	16	7	1	0.4375	0.7	5	2
GGTAACTTCTTCCTAA	247	231	114	0.9352227	0.4935065	0.31666666	36	11
TGCTCGTGTTCGAAGG	92	84	45	0.9130435	0.53571427	0.17857142	21	4
TCACGCTCAAGTCGTT	43	41	22	0.95348835	0.5365854	0.33846155	13	5
CAGCAGCTCTGCCCTA	27	27	13	1	0.4814815	0.65	5	2
CATACAGAGACGTCGA	30	30	17	1	0.56666666	0.35416666	8	2
ACTATTCGTAATGCTC	75	75	43	1	0.5733333	0.31159422	23	13
AATCACGTCTCATAGG	531	520	257	0.97928435	0.49423078	0.2974537	48	19
GTGGAGAGTATGAGCG	63	63	32	1	0.50793654	0.2962963	18	6
TAGGAGGAGTCTTGGT	238	232	115	0.9747899	0.49568966	0.41218638	31	16
CAGCGTGGTTCCGTTC	145	136	87	0.93793106	0.6397059	0.19419643	32	10
CACAGATCACTAAACC	222	220	123	0.990991	0.5590909	0.27828056	34	9
TAACACGTCAATCCAG	145	134	65	0.92413795	0.48507464	0.3735632	29	8
GTCAAGTTCCTTCACG	15	15	7	1	0.46666667	1	7	0
GGTAACTTCCGGACGT	47	47	24	1	0.5106383	0.47058824	17	6
CAGCAGCTCTGGCTGG	220	214	111	0.9727273	0.5186916	0.25874126	33	8
CACAGATAGGTTGGAC	194	188	97	0.96907216	0.5159575	0.09099437	26	8
AGGGAGTAGCAGCCCT	172	148	68	0.8604651	0.45945945	0.24727273	25	8
AGACACTTCGACGCGT	77	64	41	0.83116883	0.640625	0.42708334	24	10
ACGTCCTAGCAATTAG	160	142	72	0.8875	0.5070422	0.3546798	29	12
CGGCAGTGTTCGGCTG	165	157	80	0.95151514	0.50955415	0.30651343	29	10
CCCTCTCCAAATGCGG	274	268	135	0.9781022	0.50373137	0.20897833	34	14
GCGTTTCGTTACACAC	80	80	42	1	0.525	0.4	21	5
AGTAACCCATGAAGGC	11	11	8	1	0.72727275	0.5714286	7	1
TCGCTCACAGTGTGCC	10	10	4	1	0.4	0.6666667	3	1
CGGCAGTTCTGGCTGG	88	83	43	0.9431818	0.5180723	0.31159422	23	11
TAACACGAGCACCTGC	89	82	38	0.92134833	0.46341464	0.41304347	23	8
TGTGATGTCAAAGGTA	104	92	48	0.88461536	0.5217391	0.36090225	19	6
ACCCTTGGTAGTGTGG	41	40	18	0.9756098	0.45	0.35999998	10	5
CACAGATCACTACCGG	135	134	64	0.9925926	0.47761193	0.30917874	23	9
TCGAAGTCACCCTCTA	13	13	2	1	0.15384616	1	1	0
GCGTTTCAGGAACTCG	217	211	109	0.97235024	0.5165877	0.2595238	35	8
TGCTCGTTCTCCGAGG	152	137	71	0.9013158	0.5182482	0.36979166	24	12
CAGCGTGCAATCAAGA	114	113	57	0.99122804	0.50442475	0.5480769	26	10
ACGTCCTAGCTCTGTA	88	81	42	0.92045456	0.5185185	0.4	21	4
CGTCCATAGATCGCCC	222	222	113	1	0.509009	0.14580645	25	6
GTGTGGCTCAAGAAAC	150	142	77	0.94666666	0.5422535	0.18599033	23	7
ACTGTGACAATCTCGA	116	100	46	0.86206895	0.46	0.24338624	21	3
TCACGCTCAAGAGTAT	243	243	131	1	0.5390946	0.22982456	38	12
TGGTACAGTTCCACGG	210	199	96	0.947619	0.48241207	0.15763548	29	6
TTCGATTTCTGGCTGG	32	32	18	1	0.5625	0.375	12	2
ACTGTGAGTAGCGTAG	173	168	79	0.97109824	0.4702381	0.2257143	25	8
ACGTCCTGTAATGCTC	148	146	87	0.9864865	0.5958904	0.27272728	29	9
CACAGATTCGTAGAGG	35	35	22	1	0.62857145	0.5	11	4
ACGTCCTAGTATAACG	18	18	7	1	0.3888889	0.5833333	4	2
TCGCTCACAATCTGCA	253	243	115	0.9604743	0.47325101	0.28255528	37	10
CAGCGTGAGGAACTCG	151	145	56	0.9602649	0.3862069	0.2121212	24	7
ACCCTTGAGAGAGCGG	112	112	55	1	0.49107143	0.21568628	17	3
TTTCATGGTAATGCTC	163	150	78	0.9202454	0.52	0.28571427	21	7
ATGAGTCCAATCTCGA	17	17	10	1	0.5882353	0.47619048	7	2
TTCGATTTCCGCTTAC	77	77	36	1	0.46753246	0.25	12	4
AGTAACCGTAGCGTAG	158	152	84	0.96202534	0.55263156	0.2937063	22	9
GAGGGTACACTACCGG	10	10	3	1	0.3	1	1	0
ACTGTGAAGAAATTGC	12	12	2	1	0.16666667	1	2	0
AGTAGTCTCACAAGAA	27	27	12	1	0.44444445	0.44444445	9	2
AGTGACTCAGACCTAT	50	44	23	0.88	0.52272725	0.5111111	15	5
ACTGTGATCTCTAGGA	63	58	33	0.9206349	0.5689655	0.38823527	17	6
GTCAAGTCATCCTATT	278	267	149	0.96043164	0.5580524	0.31837606	39	17
ACTTTCACACCCTCTA	129	111	70	0.8604651	0.6306306	0.18666667	25	7
AGACACTAGTCTTGGT	166	150	69	0.90361446	0.46	0.36507937	27	11
TTTCATGTCTTAGCAG	272	263	132	0.9669118	0.50190115	0.36363637	33	10
CAGCAGCTCGCCTTGT	539	525	275	0.97402596	0.52380955	0.31939605	41	16
GAGGGTAAGGTACAGC	188	178	89	0.9468085	0.5	0.2996633	33	13
ACCCTTGCATGAAGCG	53	53	30	1	0.5660377	0.3846154	13	5
ACCCTTGCATCAGTGT	134	131	62	0.97761196	0.47328246	0.34065935	26	10
TGTCCTGCAAGTCGTT	353	348	190	0.9858357	0.545977	0.27941176	40	17
GAGGGTAAGATACCAA	13	13	5	1	0.3846154	1	5	0
TTTGTTGAGATGCTTC	228	207	103	0.90789473	0.49758455	0.36013988	26	11
TTGTTTGTCGTTTACT	86	83	51	0.96511626	0.61445785	0.2179487	18	6
GGTAATCGTGACAGGT	28	28	15	1	0.53571427	0.45454547	11	3
GTGAGCCTCGCCCAGA	172	169	106	0.98255813	0.62721896	0.17207792	28	8
TATTGCTCACAAATCC	170	163	83	0.9588235	0.5092025	0.2075	25	7
TGTCCTGCACTACCGG	122	121	64	0.9918033	0.5289256	0.35164836	26	8
ACTTTCAAGATCACCT	10	10	6	1	0.6	0.6	5	1
ATGAGTCCATGAAGCG	219	212	114	0.96803653	0.5377358	0.28787878	33	11
TGGTACAGTAATGCTC	316	306	142	0.9683544	0.4640523	0.2874494	38	14
TTTGTTGTCTGAATCG	334	329	183	0.98502994	0.556231	0.48157898	38	17
AATCACGAGAGAGCGG	58	57	30	0.98275864	0.5263158	0.25	20	5
ATGAGTCCAGCTACTA	67	67	35	1	0.52238804	0.25	20	6
TCGAAGTAGACGTCCC	139	136	68	0.9784173	0.5	0.20987654	18	6
ACTGTGAGTTCGAAGG	250	210	109	0.84	0.5190476	0.2945946	37	18
TTACAGGAGCTCTGTA	145	133	65	0.9172414	0.48872182	0.1923077	26	9
TGTCCTGCACCGTGAC	57	56	30	0.98245615	0.53571427	0.234375	16	6
TCCAGAACACGCGCAT	96	94	49	0.9791667	0.5212766	0.2784091	22	7
TATTGCTAGTAGGAAG	101	98	50	0.97029704	0.5102041	0.2857143	25	8
GGTAATCAGTGTGTTC	254	238	122	0.93700784	0.5126051	0.29326922	32	13
TGTCCTGCATGAAGCG	117	116	63	0.991453	0.54310346	0.27272728	21	5
CATACAGTCCCAAGCG	15	11	6	0.73333335	0.54545456	1	6	0
ACTGTGATCTGAATCG	56	53	29	0.9464286	0.5471698	0.5370371	18	7
ACTGTGAGTTCCGTTC	127	119	53	0.93700784	0.44537815	0.24537036	24	7
TTTCATGCATGAATAG	129	113	60	0.875969	0.53097343	0.20202021	27	6
CGGCAGTCACCCTCTA	113	112	56	0.99115044	0.5	0.32	25	7
GTGGAGATCTTCCTAA	129	124	61	0.9612403	0.4919355	0.25630254	17	5
TTTGTTGAGCAATTAG	48	48	21	1	0.4375	0.5833333	12	7
TTTCGATTCCGCACGA	78	74	32	0.94871795	0.43243244	0.30476192	21	7
GAGTTGTGTTGGAGGT	10	10	5	1	0.5	1	5	0
TCACGCTAGTCCCAAT	505	474	235	0.93861383	0.4957806	0.24920465	41	14
